1002.0    137    9.6    3.6     66   4.97     90      6  282.6  296.6  283.4
 1000.0    155   11.8    2.8     54   4.70     95      5  284.9  298.4  285.8
  998.0    172   13.2    2.2     47   4.51    101      5  286.5  299.6  287.3
  992.0    223   16.2   -1.8     29   3.39    120      5  290.0  300.1  290.6
  982.4    305   17.0   -5.1     22   2.68    150      4  291.6  299.8  292.1
  978.0    344   17.4   -6.6     19   2.40    154      5  292.4  299.8  292.8
  968.0    431   16.8   -1.2     29   3.63    164      6  292.7  303.6  293.3
  947.8    610   16.2   -9.6     16   1.96    185     10  293.8  299.9  294.1
  942.0    662   16.0  -12.0     13   1.63    182     10  294.1  299.3  294.4
  929.0    780   15.2  -10.8     16   1.81    177     11  294.5  300.2  294.8
  925.0    816   15.2   -9.8     17   1.97    175     11  294.8  301.0  295.2
  922.0    843   15.0   -8.0     20   2.28    175     11  294.9  302.0  295.3
  915.0    908   15.0  -15.0     11   1.31    175     11  295.6  299.8  295.8
  914.3    914   15.0  -15.0     11   1.31    175     11  295.6  299.8  295.8
  893.0   1113   14.6  -14.4     12   1.41    191     12  297.2  301.8  297.5
  881.9   1219   13.9  -15.1     12   1.35    200     12  297.6  302.0  297.8
  850.0   1528   12.0  -17.0     12   1.19    205      9  298.7  302.6  298.9
  819.6   1829   10.2  -18.4     12   1.10    230      7  299.9  303.6  300.1
  790.0   2134    8.4  -19.9     12   1.01    275      8  301.2  304.6  301.4
  767.0   2378    7.0  -21.0     12   0.94    223     11  302.2  305.4  302.4
  761.5   2438    7.2  -22.4     10   0.84    210     12  303.0  305.9  303.2
  743.0   2639    7.8  -27.2      6   0.56    223     13  305.8  307.8  305.9
  733.7   2743    7.4  -27.8      6   0.53    230     13  306.5  308.4  306.6
  700.0   3128    5.8  -30.2      5   0.45    220     22  308.9  310.5  309.0
  680.9   3353    4.5  -31.5      5   0.41    220     26  309.9  311.3  309.9
  674.0   3436    4.0  -32.0      5   0.39    220     25  310.2  311.6  310.3
  655.6   3658    2.1  -32.3      6   0.39    220     24  310.6  312.0  310.6
  631.3   3962   -0.5  -32.7      7   0.39    225     24  311.0  312.4  311.1
  629.0   3991   -0.7  -32.7      7   0.39    224     24  311.0  312.5  311.1
  610.0   4236   -0.1  -46.1      2   0.10    216     24  314.5  314.9  314.5
  607.6   4267   -0.3  -46.1      2   0.10    215     24  314.6  315.0  314.6
  584.6   4572   -2.6  -45.9      2   0.11    210     18  315.4  315.9  315.5
  562.4   4877   -4.8  -45.7      2   0.11    260     20  316.3  316.8  316.3
  546.0   5111   -6.5  -45.5      3   0.12    260     25  317.0  317.5  317.0
  541.0   5182   -7.1  -45.7      3   0.12    260     26  317.1  317.5  317.1
  500.0   5790  -12.5  -47.5      4   0.11    255     30  317.7  318.2  317.8
  480.3   6096  -15.4  -47.9      4   0.11    250     30  317.8  318.3  317.9
  469.0   6276  -17.1  -48.1      5   0.10    250     32  317.9  318.3  317.9
  442.8   6706  -19.5  -58.4      2   0.03    250     37  320.1  320.2  320.1
  439.0   6771  -19.9  -59.9      2   0.03    250     36  320.4  320.5  320.4
  422.0   7065  -20.9  -62.9      1   0.02    248     32  322.8  322.9  322.8
  418.0   7135  -20.9  -44.9     10   0.17    247     31  323.6  324.3  323.7
  400.0   7460  -23.7  -40.7     19   0.27    245     27  324.1  325.2  324.2
  399.0   7478  -23.9  -39.9     21   0.30    245     27  324.1  325.2  324.1
  391.2   7620  -25.1  -40.7     22   0.28    245     29  324.3  325.4  324.3
  365.0   8120  -29.5  -43.5     24   0.22    248     24  325.0  325.9  325.0
  344.2   8534  -32.2  -49.8     16   0.12    250     19  326.8  327.2  326.8
  325.0   8938  -34.9  -55.9     10   0.06    270     26  328.5  328.7  328.5
  315.4   9144  -36.8  -52.4     18   0.09    280     29  328.7  329.1  328.7
  304.0   9399  -39.1  -48.1     38   0.16    280     36  328.9  329.6  328.9
  301.8   9449  -39.3  -48.3     38   0.16    280     37  329.3  329.9  329.3
  300.0   9490  -39.5  -48.5     38   0.16    280     36  329.6  330.2  329.6
  293.0   9651  -40.9  -49.9     37   0.14    279     35  329.8  330.4  329.9
  283.0   9887  -42.7  -60.7     12   0.04    277     33  330.5  330.7  330.5
  276.0  10055  -44.3  -63.3     10   0.03    275     32  330.6  330.7  330.6
  252.0  10658  -49.7  -57.7     38   0.06    270     28  331.3  331.6  331.3
  250.0  10710  -50.1  -59.1     34   0.05    270     28  331.4  331.7  331.5
  245.0  10841  -51.1  -63.1     23   0.03    269     28  331.9  332.0  331.9
  233.0  11164  -53.7  -64.7     25   0.03    267     28  332.7  332.9  332.7
  200.0  12120  -62.3  -67.1     52   0.02    260     28  333.9  334.1  333.9
  198.0  12182  -62.7  -67.3     54   0.02    255     27  334.3  334.4  334.3
  197.7  12192  -62.6  -67.3     53   0.02    255     27  334.6  334.6  334.6
  194.0  12309  -61.7  -67.7     45   0.02    249     32  337.8  337.9  337.8
  189.0  12471  -61.7  -68.7     39   0.02    241     38  340.4  340.4  340.4
  188.2  12497  -61.1  -68.9     35   0.02    240     39  341.6  341.7  341.6
  187.0  12537  -60.3  -69.3     30   0.02    242     40  343.6  343.7  343.7
  182.0  12706  -61.3  -73.3     19   0.01    249     43  344.7  344.8  344.7
  175.0  12950  -62.7  -75.7     16   0.01    259     47  346.3  346.3  346.3
  174.0  12985  -62.3  -75.3     16   0.01    260     48  347.5  347.5  347.5
  171.0  13094  -58.7  -74.7     11   0.01    265     50  355.2  355.2  355.2
  170.7  13106  -58.6  -75.1     10   0.01    265     50  355.5  355.6  355.5
  168.0  13205  -58.1  -78.1      6   0.01    260     46  358.0  358.0  358.0
  164.0  13358  -58.7  -82.7      3   0.00    253     39  359.5  359.5  359.5
  163.0  13396  -57.7  -83.7      2   0.00    251     38  361.8  361.8  361.8
  162.6  13411  -57.7  -84.0      2   0.00    250     37  362.0  362.0  362.0
  160.0  13514  -57.7  -85.7      2   0.00    251     40  363.7  363.7  363.7
  150.0  13920  -60.1  -90.1      1   0.00    255     54  366.3  366.3  366.3
  147.0  14046  -61.3  -91.3      1   0.00    253     57  366.4  366.4  366.4
  143.0  14216  -61.9  -91.9      1   0.00    250     62  368.2  368.2  368.2
  140.5  14326  -62.4  -92.3      1   0.00    250     62  369.3  369.3  369.3
  136.0  14527  -63.1  -93.1      1   0.00    248     54  371.4  371.4  371.4
  134.0  14618  -62.7  -92.7      1   0.00    248     51  373.7  373.7  373.7
  128.0  14899  -64.9  -94.9      1   0.00    245     39  374.7  374.7  374.7
  127.3  14935  -65.0  -94.9      1   0.00    245     38  375.2  375.2  375.2
  121.0  15242  -65.5  -94.5      1   0.00    240     44  379.7  379.7  379.7
  121.0  15240  -65.5  -94.5      1   0.00    240     44  379.6  379.6  379.6
  116.0  15498  -67.5  -96.5      1   0.00    240     47  380.6  380.6  380.6
  115.1  15545  -67.5  -96.2      1   0.00    240     48  381.4  381.4  381.4
  110.0  15818  -67.7  -94.7      1   0.00    253     51  386.0  386.0  386.0
  109.4  15850  -67.8  -94.7      1   0.00    255     51  386.4  386.4  386.4
  100.0  16390  -69.3  -94.3      2   0.00    265     34  393.6  393.6  393.6
   85.4  17324  -71.9  -94.9      2   0.00    250     30  406.5  406.5  406.5
   77.1  17928  -70.1  -93.1      2   0.00    253     21  422.3  422.3  422.3
   72.5  18288  -70.3  -92.7      3   0.00    255     16  429.1  429.1  429.1
   70.0  18500  -70.5  -92.5      3   0.00    240     18  433.2  433.2  433.2
   57.8  19633  -71.3  -93.3      3   0.00    340     12  455.8  455.8  455.8
   50.0  20500  -66.1  -92.1      2   0.00     55      7  487.3  487.3  487.3
   45.8  21031  -63.6  -92.9      1   0.00     80      1  505.5  505.5  505.5
   45.0  21144  -63.1  -93.1      1   0.00     78      4  509.5  509.5  509.5
   43.6  21336  -63.7  -93.7      1   0.00     75      8  512.6  512.6  512.6
   42.7  21467  -64.1  -94.1      1   0.00     79     11  514.7  514.7  514.7
   41.5  21641  -63.6  -93.7      1   0.00     85     14  520.0  520.0  520.0
   39.5  21946  -62.9  -93.1      1   0.00     70     19  529.3  529.3  529.3
   35.8  22555  -61.3  -91.8      1   0.00    105     18  548.3  548.4  548.3
   30.4  23577  -58.7  -89.7      1   0.00     82     23  581.8  581.9  581.8
   30.0  23660  -58.9  -89.9      1   0.00     80     23  583.5  583.5  583.5
   28.1  24079  -59.2  -90.2      1   0.00     70     25  593.8  593.9  593.8
   26.7  24384  -59.5  -90.5      1   0.00     90     27  601.5  601.5  601.5
   25.5  24677  -59.7  -90.7      1   0.00     88     29  608.9  609.0  608.9
   22.5  25464  -56.5  -88.5      1   0.01     81     35  640.6  640.6  640.6
   22.0  25603  -56.5  -88.5      1   0.01     80     36  644.5  644.6  644.5
   20.0  26210  -56.7  -88.7      1   0.01     80     33  661.9  662.0  661.9
   19.6  26338  -56.9  -88.9      1   0.01     79     33  665.1  665.2  665.1
   17.7  26987  -55.3  -87.3      1   0.01     72     36  689.8  689.9  689.8
   17.3  27127  -55.6  -87.6      1   0.01     70     36  693.2  693.3  693.2
   16.5  27432  -56.3  -88.3      1   0.01     75     37  700.5  700.6  700.5
   16.3  27511  -56.5  -88.5      1   0.01     76     37  702.4  702.5  702.4
   13.0  28956  -53.2  -85.9      1   0.02    100     33  760.4  760.6  760.4
   12.4  29261  -52.5  -85.4      1   0.02     85     33  773.3  773.5  773.3
   11.9  29530  -51.9  -84.9      1   0.02     98     32  784.7  785.0  784.8
   11.8  29566  -51.9  -84.9      1   0.03    100     32  786.1  786.4  786.1
   10.5  30342  -51.5  -84.5      1   0.03     87     28  814.8  815.2  814.8
   10.3  30480  -50.9  -84.3      1   0.03     85     27  822.0  822.4  822.0
   10.0  30660  -50.1  -84.1      1   0.03     80     25  831.4  831.9  831.5
    9.8  30785  -49.6  -83.7      1   0.04     80     25  837.9  838.4  837.9
    8.7  31575  -46.3  -81.3      1   0.06     84     30  879.9  880.8  880.0
    8.5  31730  -43.9  -79.9      1   0.08     84     31  895.2  896.2  895.2
    8.0  32138  -41.3  -78.3      1   0.11     86     33  921.1  922.6  921.2
    7.0  33040  -42.3  -78.3      1   0.13     90     38  952.8  954.6  952.9
    6.8  33223  -42.6  -78.6      1   0.12    100     44  959.1  960.8  959.2
    6.6  33437  -42.9  -78.9      1   0.12                966.5  968.2  966.5
